15 2796
15 4625
15 9183
54 10257
56 6912
57 5943
111 3200
115 5708
155 3129
165 1176
161 8641
278 5107
316 5882
316 9877
318 1320
318 7212
318 9878
378 1832
458 1119
492 6517
532 6542
602 6991
602 8464
555 5167
561 3231
561 9243
561 11223
609 11632
612 9770
637 2946
647 11777
648 6647
738 11472
740 12007
726 11636
745 3369
770 9948
790 2643
901 2623
901 7452
901 8040
1034 1351
1034 5839
1063 3153
1066 7968
1091 3510
1091 7604
1117 3789
1119 8462
1123 3697
1162 8055
1164 12679
1176 6912
1222 1959
1222 5152
1263 8687
1269 6357
1307 1476
1307 7188
1319 7567
1320 4642
1351 11388
1351 12678
1201 5175
1201 9669
1378 7502
1396 3200
1423 4484
1423 6939
1445 7159
1476 5005
1476 11042
1494 12321
1521 6065
1521 7824
1521 9613
1588 8975
1588 9265
1616 5424
1616 10821
1750 4973
1751 6668
1751 10297
1751 12321
1741 3677
1663 11496
1724 3420
1724 10011
1793 9111
1793 13164
1825 12995
1832 2622
1832 9826
1959 2866
1959 8374
1991 2682
1991 3621
1991 4475
1991 10616
1988 2090
2064 11994
2080 12392
1997 7824
1997 9749
2090 11577
2134 3137
2173 2618
2173 8838
2173 12386
2174 9669
2471 3697
2529 9601
2602 5167
2613 5203
2618 4498
2618 12992
2622 4921
2623 9601
2623 12671
2630 5285
2640 3812
2699 11239
2789 11706
2801 7774
2826 3758
2826 8031
2866 8025
2912 7774
2912 11042
3137 5834
3151 10684
3151 11223
3152 9669
3179 11908
3166 8639
3166 11050
3200 9115
3265 6389
3314 9218
3314 12147
3338 5203
3369 3896
3369 5522
3420 5819
3423 10209
3460 11758
3482 8929
3482 13063
3489 4475
3510 3702
3528 8332
3569 7882
3583 6910
3601 11272
3621 9220
3621 11096
3661 7125
3671 8603
3686 8368
3702 12262
3726 12616
3759 5152
3759 11758
3760 8309
3790 9886
3792 5285
3792 5485
3792 8648
3811 7561
3811 10207
3826 6064
3835 8609
4475 8332
4480 10928
4480 11272
4496 8590
4632 7512
4625 8462
4635 9489
4635 10029
4669 8464
4790 12216
4792 9208
4821 7335
4825 12723
4835 12261
4925 5175
4925 12989
4973 6350
4998 5203
5061 9886
5061 11030
5107 5943
5152 9206
5167 9804
5167 12249
5175 5382
5203 7502
5285 8462
5339 7335
5366 11824
5477 5523
5478 9879
5559 8699
5700 10012
5708 7114
5708 10029
5799 13215
5846 7558
5819 11758
5835 13122
5836 7505
6066 8929
6173 9112
6213 11994
6281 12147
6288 12096
6315 11388
6377 9644
6377 12199
6392 12616
6402 10375
6353 12027
6466 6517
6683 8195
6817 13122
6849 11488
6893 6991
6939 10836
7046 9082
6974 11050
6992 7129
6992 13160
7188 8734
7212 9876
7212 12723
7296 10287
7366 9112
7399 11706
7429 10834
7429 11589
7478 11940
7494 9125
7502 9235
7539 8671
7561 9208
7567 10737
7713 8464
7845 12789
7944 12007
7944 12254
7931 11031
7968 12320
8145 9308
8194 12636
8461 12213
8514 11706
8536 8670
8599 11636
8603 11824
8642 12809
8646 8700
8627 12028
8838 9749
8929 9112
8929 9644
9006 11590
9201 11239
9403 11272
9432 12368
9652 10257
9658 10766
9686 12995
9710 10807
9826 12346
9889 9948
9878 10078
9878 10296
9879 10578
10085 10682
10208 11715
10361 13229
10363 11824
10616 10682
10737 11172
10770 13204
10808 12782
10821 12249
10833 12216
11042 12336
11222 12271
11488 12386
11472 12103
11632 12029
11632 12241
11706 12986
11785 12199
11786 12791
11824 12098
12198 12213
86 2636
86 9419
101 2535
118 9161
443 2175
194 5703
221 6289
221 11998
308 10902
309 4851
288 11059
344 1645
352 5502
352 5513
330 6216
330 6909
330 11469
596 1451
605 8131
607 3177
607 9234
608 9160
702 2178
725 11663
756 2642
917 11734
919 1891
963 1264
1092 10193
1148 2619
1148 6046
1148 10081
1124 10906
1153 2814
1154 3168
1154 5964
1329 11059
1420 10641
1427 12918
1373 1573
1373 7079
1373 8299
1373 9619
1375 11023
1435 2725
1435 11717
1451 7581
1451 12792
1461 5858
1461 7361
1461 11981
1490 5160
1490 7757
1490 11182
1503 7839
1506 12013
1573 5947
1573 8720
1590 7396
1591 3474
1591 9196
1591 9237
1633 5499
1645 1926
1749 7757
1758 2619
1758 8022
1758 9705
1767 5171
1801 4860
1819 10244
1820 5106
1844 7219
1844 7486
1844 12100
1863 10688
1873 11749
1873 12753
1883 5396
1891 2814
1914 5778
1914 7294
1914 8034
2078 2525
2015 12792
2016 7775
2100 2595
2108 2567
2108 5757
2108 10902
2119 2816
2124 11790
2158 7923
2175 8521
2194 5422
2194 8131
2431 7852
2459 12245
2490 11782
2534 7219
2535 5171
2553 7767
2567 2906
2567 10713
2567 12762
2579 10675
2579 12025
2636 8524
2672 7834
2709 10194
2724 3177
2724 3514
2724 3533
2725 5379
2864 5171
2885 3342
2885 11889
2900 10738
2911 3199
2931 8376
2952 3776
2961 8843
2966 9621
3138 3306
3138 10437
2997 11244
3168 3306
3168 10641
3195 10378
3299 5790
3299 10611
3213 7492
3319 10675
3327 9160
3327 9283
3474 6183
3492 12948
3493 5171
3493 9109
3536 11508
3533 7215
3533 8965
3533 9109
3570 12211
3587 9520
3588 6997
3700 6289
3701 11059
3749 8521
3749 11526
3763 5902
3764 11987
3765 8906
3768 9721
3776 7775
3785 7462
3820 12900
3846 9755
3848 10688
3850 12100
3856 8376
3856 11182
3857 11455
3901 11983
3903 7762
3903 9971
4623 10738
4676 11040
4842 10306
4844 7491
4845 8587
4846 9161
4851 5504
4902 7375
5001 8513
5058 11213
5058 11843
5059 12059
5067 9109
5083 6520
5083 7971
5105 5420
5171 10437
5188 11059
5228 11023
5398 6264
5305 11647
5305 11998
5379 7846
5499 7395
5513 8531
5519 8294
5520 7375
5524 12970
5530 5645
5615 12642
5630 10686
5702 10686
5752 7395
5752 12642
5770 6359
5770 8469
5778 10307
5790 10852
5857 9131
5857 12918
5874 8147
5902 6293
5963 7426
5964 8486
6067 7929
6067 10106
6166 8635
6289 7294
6359 10902
6359 11492
6482 12317
6644 7923
6759 8713
6534 9721
6909 10758
6945 12918
6997 7156
7219 9850
7361 12579
7374 10789
7374 11077
7460 10247
7490 11749
7514 10611
7516 12948
7580 12211
7581 8486
7533 10902
7681 11331
7761 12900
7767 10609
7767 12972
7767 13012
7839 7846
7839 10306
7865 8843
7865 9721
7942 11193
7942 13172
7935 8492
7935 10738
7994 8843
8001 8640
8017 9784
8034 9268
8043 9131
8183 10301
8467 11729
8467 12034
8469 8661
8450 13079
8512 11526
8513 10440
8524 10350
8531 11331
8587 8827
8587 11755
8720 9185
8785 10639
8827 11782
8843 9185
8843 11843
8906 12579
9028 9721
9072 11540
9114 13189
9152 10789
9159 9485
9159 9799
9214 10244
9590 10675
9646 11755
9646 11776
9752 9847
9752 11287
9845 12062
9896 12013
10107 10852
10244 10437
10307 10444
10351 10723
10687 11770
10723 11526
10789 11285
10939 11718
10929 12063
11040 13188
11331 12100
11487 12211
11525 12792
11540 13079
11729 12608
11930 12472
12062 12948
12 3769
23 12010
25 11265
26 7211
60 691
61 3155
67 5207
67 10264
67 10524
163 7671
164 13170
201 3795
201 6742
201 12941
187 1055
310 7474
310 8736
350 10780
460 4652
464 6390
499 3248
499 5007
499 6742
500 11033
500 12776
527 2857
527 3793
543 655
547 3146
547 5100
547 8530
553 8157
553 8823
553 12219
557 3471
557 7019
557 8048
689 1654
689 10075
691 2693
716 5678
716 11752
751 2815
771 1080
771 11995
797 5970
797 12033
980 2908
967 11389
982 2098
982 4477
1055 6390
1055 10151
1080 5678
1080 9081
1086 6331
1086 7597
1156 7419
1160 11690
1161 11906
1196 7523
1229 2137
1306 8674
1406 11696
1410 8876
1410 9242
1421 2693
1421 7847
1424 2573
1424 9466
1424 11539
1478 10204
1478 11326
1518 12219
1536 11807
1648 3139
1648 8530
1647 6619
1654 3711
1654 9895
1729 10142
1731 6218
1745 10150
1809 9163
1878 13084
1860 5176
1860 11490
1860 11627
1860 12613
1922 12291
1949 6888
2056 6221
2056 8704
2056 10077
2012 4837
2098 2739
2098 8157
2098 9593
2099 6829
2122 2693
2122 6282
2122 9659
2135 7392
2135 8391
2159 11070
2176 3709
2176 5973
2176 9242
2432 10071
2489 8737
2585 9793
2561 9676
2563 3309
2563 9567
2569 3155
2569 9123
2548 8392
2573 7880
2733 6282
2762 12680
2792 6284
2795 5093
2813 6896
2815 5096
2815 13124
2834 13000
2880 4664
2880 13000
2919 5762
2922 9659
2937 13142
2959 9295
3139 3506
3139 4644
3139 11745
3139 13223
3001 6680
3156 6508
3242 9895
3243 11913
3254 5762
3268 3509
3273 6313
3405 5234
3415 8157
3415 10845
3451 4656
3455 9163
3455 11913
3456 9280
3471 8392
3471 10111
3507 5003
3623 7211
3625 8675
3656 7754
3656 8876
3656 10026
3709 9990
3711 8912
3711 11780
3769 5091
3771 6260
3827 7498
3827 8285
3827 13185
3882 3897
3888 10075
3897 10520
4477 8705
4477 11886
4620 7419
4629 10077
4634 7498
4634 11490
4656 10075
4664 10075
4836 9287
4837 8828
4828 6407
4828 6903
4828 8757
4972 13199
5003 10434
5100 11326
5120 11942
5176 8530
5293 7482
5293 8719
5293 12318
5479 8762
5479 9402
5525 6167
5721 10796
5762 8632
5791 12219
5792 7848
5822 8624
5812 8457
5856 12613
5971 6390
6221 7143
6167 8736
6218 11467
6218 11726
6260 10796
6277 9908
6278 7890
6278 10158
6313 10071
6324 9041
6333 11033
6409 6897
6409 7483
6475 9599
6729 9031
6820 12318
6867 9202
6878 8412
6878 11951
6889 10290
6894 9139
6894 11530
6904 7880
6933 10969
6973 8330
6973 12625
7146 11498
7157 10796
7187 11326
7349 8622
7363 11033
7392 12651
7398 7903
7402 8157
7404 12053
7522 7699
7589 10845
7597 9202
7699 9081
7754 10204
7755 9107
7841 12651
7880 11033
7900 11490
7900 13171
7903 12051
7962 10845
8048 11467
8313 8767
8330 8392
8330 9346
8369 10292
8383 11020
8379 8631
8379 11768
8502 12937
8544 13084
8618 9107
8625 12776
8651 9081
8651 10075
8654 11767
8673 11767
8632 10142
8719 10524
8719 11468
8758 11297
8823 13001
8828 10077
8828 10435
8912 12774
9081 11033
9107 9593
9123 9827
9139 9700
9280 11807
9346 13124
9402 9822
9425 11555
9468 13011
9482 12651
9599 11913
9699 10077
9702 11337
9793 12630
9822 12705
9860 10109
10242 11333
10524 10984
10537 13171
11021 12010
11118 11726
11297 12705
11326 13182
11334 12387
12212 13011
12291 12899
12613 12883
13000 13124
3 3698
21 1583
63 1661
73 8738
74 11224
85 5665
113 1047
113 2626
133 8980
151 7758
437 1886
299 1484
300 13018
304 10381
314 11568
282 7758
317 1114
317 3571
317 3645
343 7517
361 610
361 5132
361 12086
375 5294
375 9377
454 12556
504 10441
506 7920
606 12951
613 7878
635 6318
708 8420
775 8058
777 5925
777 7065
778 6677
780 5054
880 3256
910 8835
998 2549
1001 10771
1003 1084
1046 1879
1050 11264
1084 9654
1089 2066
1298 9049
1299 5593
1331 1496
1331 5909
1331 13116
1216 3544
1216 4610
1216 10146
1362 1528
1388 2523
1388 6682
1389 2066
1389 5294
1392 13226
1393 3307
1405 3620
1418 3220
1418 5932
1512 1529
1512 8834
1523 2960
1528 5054
1528 9282
1533 11124
1571 12344
1567 9897
1568 6961
1582 4967
1592 6476
1608 7315
1624 5098
1659 3220
1665 1956
1732 9694
1732 11654
1771 8278
1772 10234
1836 6853
1839 7992
1839 12349
1859 2093
1879 9869
1886 3786
1889 3532
1889 4841
1956 3825
2066 8517
2069 7067
2141 9222
2152 11891
2289 3708
2485 12344
2491 7315
2497 11739
2508 12019
2515 8944
2538 5884
2549 12633
2550 4917
2550 8782
2550 10412
2544 7466
2547 10365
2599 12985
2632 7993
2632 9941
2635 4490
2684 12022
2698 3315
2736 3551
2737 3620
2737 5826
2838 5232
2838 9667
2875 5232
2875 8300
2875 9254
2942 5884
2942 6679
2943 3668
2943 7951
2960 10022
2960 10063
2970 12580
2996 7697
2996 12349
3133 5593
3180 12215
3188 11896
3191 6318
3194 9642
3307 10979
3307 12022
3212 9869
3214 5779
3214 5967
3215 11049
3256 7528
3277 7982
3277 9654
3315 9244
3317 3714
3371 10445
3335 11712
3336 8420
3337 9049
3337 9467
3401 5665
3411 12086
3477 6272
3494 3703
3494 13166
3544 7758
3571 3698
3571 12260
3595 6272
3620 6831
3620 9130
3635 5408
3670 5232
3698 7518
3703 12344
3708 9897
3714 6417
3714 8715
3715 11049
3695 12633
3735 6831
3735 11308
3750 10365
3786 5436
3786 8990
3786 9338
3786 10149
3816 10436
4488 10908
4490 8947
4610 9338
4786 10857
4967 5817
5054 6679
5133 10010
5134 10061
5181 9819
5248 8947
5280 7315
5280 9866
5294 7859
5294 12584
5437 7136
5437 11076
5438 6872
5438 7067
5476 7697
5494 6828
5593 8738
5665 12109
5696 8688
5696 10010
5750 13167
5779 10010
5779 11073
5787 6075
5787 11048
5826 12344
5809 12099
5884 7977
5886 8420
5886 13227
5909 12000
6087 7697
6087 11076
6074 11968
6075 7951
6146 11124
6366 12008
6394 10140
6394 12389
6462 6856
6672 10035
6679 7993
6679 10023
6679 13116
6858 9866
6871 7877
7136 12297
7155 9248
7186 11224
7314 7860
7314 10237
7315 11996
7433 12022
7455 10979
7524 7854
7524 10441
7528 10153
7595 9643
7758 8980
7763 11154
7780 11076
7837 12555
7854 10776
7859 8286
7859 9592
7878 10749
7920 12298
7972 12022
7993 12008
8278 8517
8286 8688
8370 9667
8370 11911
8424 10038
8420 10186
8420 10783
8485 9038
8501 11820
8549 10333
8549 10981
8688 10441
8724 10237
8782 10441
8847 11154
8947 11654
8973 11264
8990 10154
9036 10234
9154 12345
9209 13167
9210 11820
9211 11689
9248 9643
9263 10365
9266 10373
9266 12344
9282 11731
9282 12813
9467 9642
9467 11507
9614 9897
9614 12704
9614 12966
10168 11703
10216 11911
10197 11713
10781 13118
10950 12954
10979 11485
11073 12612
11264 11704
11286 11739
11286 12269
11568 11870
11634 11730
92 6942
92 9848
96 7004
96 9914
125 1101
125 7884
135 9690
140 5252
147 6303
150 540
150 1371
159 1416
159 10241
162 9958
212 4731
306 1101
323 10417
320 3202
320 11883
321 3427
379 10188
380 12141
452 1543
452 3210
491 9094
496 11162
496 12016
554 5087
554 5416
554 6995
554 9738
611 4645
640 4487
640 6070
710 3469
710 4617
710 6942
746 6529
746 10451
758 11732
882 10474
890 5949
801 10192
908 6071
908 7592
909 4785
962 10419
977 8158
978 12012
969 2873
1006 3746
1064 2474
1081 9462
1127 9840
1128 2570
1131 8406
1134 11125
1184 11766
1187 8694
1189 2601
1189 3560
1225 4651
1304 4651
1304 7043
1304 8305
1304 9300
1304 9880
1324 3127
1352 12693
1368 5547
1369 4646
1386 5153
1416 11898
1371 6761
1371 12645
1441 5418
1464 5240
1467 12903
1482 12081
1488 4654
1488 8981
1488 11570
1499 2586
1505 5948
1505 12012
1509 5418
1509 6885
1509 11733
1532 10794
1597 3731
1599 6656
1656 11883
1656 11956
1666 12645
1671 6404
1672 10451
1743 6404
1743 9848
1743 10256
1743 12881
1795 9690
1827 3202
1827 12020
1881 11986
1938 7704
1971 9306
2040 9909
2040 11340
2106 8533
2117 9387
2150 3772
2437 3539
2437 10922
2437 11295
2437 11628
2440 7978
2469 5531
2469 12154
2498 11708
2582 9950
2582 12039
2551 5418
2551 6397
2551 7181
2570 7907
2570 8023
2601 3373
2689 6076
2689 11738
2740 8696
2765 3681
2846 11324
2860 9388
2869 12111
2871 6892
2873 13106
2878 5418
2941 10841
3141 12081
3141 13232
3127 3682
3132 11447
3190 6651
3190 9102
3193 7004
3202 6648
3298 9950
3225 9094
3326 8677
3373 7320
3373 8406
3373 8995
3359 3529
3427 3443
3441 7704
3497 10911
3529 4730
3529 5949
3539 11965
3560 11125
3597 5423
3611 8995
3618 11542
3682 9848
3732 10853
3746 3804
3796 4840
3804 9510
3814 8406
3842 8746
4619 5798
4641 6405
4651 9839
4651 13201
4654 5548
4654 7430
4785 9745
4788 6830
4789 5862
4861 8382
4903 9624
4904 10774
4905 12663
5013 8644
5166 5439
5166 6062
5182 10188
5183 11738
5197 10137
5197 12610
5240 7153
5240 8023
5252 10910
5384 8604
5416 9102
5418 5675
5418 11382
5423 11732
5429 9078
5445 10700
5493 8433
5506 8406
5507 10190
5526 7070
5526 9096
5526 12880
5532 6280
5659 13023
5675 11883
5697 9624
5698 6267
5698 11542
5751 12605
5751 12664
5789 7321
5789 9080
5798 7827
5805 8057
5862 7002
5862 9875
6076 7728
6076 9875
6062 6261
6208 8382
6208 12965
6267 12804
6280 6492
6312 7728
6399 9387
6404 10841
6492 9156
6471 6671
6471 9309
6648 7045
6648 10886
6648 12577
6652 7001
6851 11733
6879 7317
6890 11288
6890 12605
6529 7704
6529 12012
6892 8647
7001 7181
7044 6988
7045 7949
7062 7970
7062 11340
7075 7851
7075 9690
7075 11733
7338 8996
7425 9639
7425 12982
7436 11542
7440 11125
7592 9777
7703 9156
7728 10774
7768 9156
7838 10550
7838 10841
7949 7970
7884 10203
7978 10678
8023 9224
8133 12195
8547 9611
8547 9823
8547 10128
8644 10127
8696 12663
8879 11373
8981 12266
9086 9745
9347 11965
9300 10936
9373 9745
9839 11372
9840 11327
9875 11628
9913 12645
9960 12110
9961 12187
10080 13007
10108 11173
10256 11969
10425 10866
10700 11505
10678 10775
10841 13007
10846 11235
10846 11817
11161 12110
11288 11324
11815 13052
11903 12205
11907 12665
11969 13049
2 9832
2 11832
98 10277
119 11078
124 7185
128 12885
137 4555
137 9233
137 10430
137 11869
138 1982
138 2948
138 11078
179 7849
302 11990
291 1504
346 1135
346 9776
346 10376
332 5965
333 1609
336 1634
336 7348
336 9100
469 7825
484 1383
508 10243
538 3374
538 5480
538 8754
538 13093
544 7969
544 11043
638 11022
638 11537
638 12572
677 1978
677 9725
718 11322
718 11966
763 6265
788 8764
788 13014
898 9317
898 10549
1364 2488
1099 2574
1104 3465
1104 8878
1104 10218
1135 9498
1135 11106
1140 6367
1113 3367
1113 5518
1113 12404
1193 10184
1213 7340
1213 10243
1214 5287
1384 5813
1450 6813
1480 5695
1480 9519
1504 13224
1507 4829
1507 7602
1507 10408
1508 9526
1584 1674
1584 6369
1584 10182
1587 6365
1587 8771
1595 5695
1595 9421
1610 5191
1612 5820
1634 7990
1634 9513
1773 10376
1778 7670
1808 5816
1866 7504
1894 13014
1895 7670
1928 8275
1931 7183
1965 2059
1978 11053
1982 3440
1982 10183
2062 2884
2020 10024
2048 11332
2033 8985
2033 10430
2089 8511
2110 11087
2145 8288
2147 8033
2177 9348
2448 8829
2453 11184
2476 8146
2488 12798
2499 2639
2503 2799
2512 9609
2513 9779
2533 11363
2554 8371
2574 11376
2685 9589
2685 10413
2720 9703
2774 9033
2775 10708
2817 2896
2817 12244
2833 3147
2833 6658
2884 8033
2893 10413
2913 8829
2948 8831
2948 11950
3136 11092
3136 11280
3143 7602
3143 10043
3143 10104
3148 3368
2998 3272
3170 7661
3203 11053
3205 6489
3264 9618
3266 5592
3272 8458
3340 3858
3340 11256
3341 7967
3345 10243
3367 9732
3376 8146
3400 11256
3433 5169
3440 11228
3473 5411
3499 7915
3499 8788
3516 5202
3545 9511
3619 10279
3655 6884
3655 12694
3740 12917
3741 5922
3713 5695
3723 12244
3724 12400
3803 7650
3803 12649
3818 10409
3858 13014
3895 5411
4476 5168
4638 7912
4638 9399
4775 7985
4775 10865
4783 6367
4829 10638
4857 7346
4864 12157
4865 9039
4966 11153
5006 11828
5055 6354
5094 6883
5116 8846
5168 9317
5191 7650
5200 8276
5386 6819
5444 11754
5508 11686
5515 5806
5515 10122
5518 8371
6438 11322
5536 6181
5591 8826
5591 9670
5676 9166
5722 7423
5746 10409
5820 10546
5824 9341
5832 8660
5806 7602
5806 10043
5806 10705
5814 7853
5889 9498
5965 6086
5965 10638
6084 10671
6072 11869
6097 11950
6383 8027
6657 10708
6674 9511
6675 10185
6731 11320
7012 10546
7012 11805
7047 8905
6987 11085
7117 7658
7117 12917
7134 10409
7184 8220
7340 9117
7340 10183
7423 8660
7445 11686
7481 12244
7463 10900
7485 8911
7650 10581
7670 8781
7825 9779
7850 12244
7853 10043
7855 8831
7914 9334
7943 9318
7943 11854
7983 8408
7984 11633
8027 11541
8027 12282
8129 11384
8134 11993
8220 10184
8275 8660
8276 11796
8287 8972
8288 8458
8580 13022
8620 10471
8660 9182
8683 11633
8764 10927
8771 11781
8829 10423
8983 11363
8985 12955
9001 11355
9100 9832
9100 10709
9117 9302
9166 9874
9302 11988
9353 10433
9399 10972
9420 10367
9496 10865
9513 11869
9519 11105
9519 13076
9525 10059
9525 10548
9670 11355
9776 10677
9825 12404
9906 11107
10104 10927
10122 10942
10126 12917
10389 10638
10389 13019
10409 11256
10432 12204
10548 13022
10582 10793
10708 11046
10900 13022
10957 11784
11053 11796
11184 13045
11228 11347
11256 11991
11541 12611
11828 12400
11950 12390
11966 12572
12401 13093
149 2074
127 11699
129 6824
166 3416
166 3673
166 10811
175 12263
176 8205
192 5772
268 6655
268 6826
268 8497
268 10421
268 10645
301 3755
301 12229
303 5549
285 1179
348 10421
377 5845
377 5880
377 11967
449 4795
497 8765
497 10787
556 1061
556 12035
618 3463
618 8499
618 10202
651 4961
652 694
652 3705
694 10469
754 10787
895 1223
896 1061
1010 11121
1035 9327
1056 9368
1078 6703
1220 6809
1220 10198
1221 10971
1224 1349
1260 3380
1260 10649
1260 10787
1200 12396
1452 7843
1463 5390
1481 1998
1481 3378
1483 3467
1500 9650
1525 6481
1527 6655
1527 11700
1623 8208
1623 10625
1623 11877
1632 4911
1646 8032
1723 8035
1761 4930
1790 10645
1805 5662
1826 2484
1826 10212
1927 10346
1937 7330
1937 11664
1966 3196
1966 7730
1975 11083
1986 2810
1986 3747
2074 10202
2074 11967
1998 11321
2009 7068
2011 6269
2032 11816
2034 12682
2148 9142
2172 3165
2172 7049
2465 10879
2472 3513
2482 6102
2482 11121
2484 11699
2552 7384
2557 11359
2542 5845
2577 10933
2600 11795
2624 10518
2714 10672
2723 5225
2839 5306
2851 11278
2852 10366
2854 5410
2868 6704
2907 12606
2934 6645
2935 8606
2940 6269
3140 4856
2988 3513
2988 6069
2988 12851
3196 8860
3192 3269
3192 3444
3192 9650
3192 11668
3192 12054
3553 6271
3261 8614
3269 8296
3278 10897
3292 3464
3325 5550
3360 9714
3361 10272
3361 12031
3377 4856
3382 10467
3388 8749
3404 6268
3404 10862
3431 9508
3438 10371
3444 7730
3453 8526
3453 12996
3463 7084
3467 6310
3467 12682
3511 10321
3591 8786
3705 13087
3728 8526
3747 10053
3747 10390
3813 10885
3813 11359
3813 13087
3831 8582
3874 6789
4673 10360
4673 10864
4674 7960
4674 12606
4756 7895
4756 8619
4756 11497
4795 12606
4832 8422
4856 12343
4899 9566
4900 11838
4920 9488
4930 5306
4929 12632
4961 11359
4970 8605
5069 8421
5090 9461
5108 6745
5108 9790
5194 10645
5225 6362
5243 7069
5304 11274
5410 5743
5410 10495
5468 6116
5473 8982
5490 8032
5521 6309
5550 7603
5550 11188
5555 9890
5588 11567
5672 7006
5673 7731
5673 10053
5748 11054
5772 7698
5885 7689
5908 9461
5960 11012
5966 7469
6180 12615
6232 12911
6319 9790
6393 7734
6444 9791
6461 10595
6480 8606
6480 10421
6481 11274
6620 7384
6655 8727
6670 10014
6796 10008
6816 10272
6826 11797
6532 7947
6532 12615
6535 10971
7005 10881
7084 11714
7151 11527
7151 12588
7384 10322
7384 11121
7384 11503
7397 9821
7469 8032
7689 11503
7698 10517
7698 10643
7698 12953
7725 10345
7731 12632
7779 8271
7779 9723
7883 12984
7894 10810
7958 11497
7959 12632
8080 11865
7997 11160
8054 10060
8056 11121
8056 11778
8142 9075
8205 12911
8296 8615
8329 10270
8423 8994
8421 12009
8421 12228
8497 11227
8503 10600
8503 12343
8534 12632
8535 11793
8555 8557
8557 11060
8582 12403
8526 10885
8649 11929
8748 11484
8749 11856
8763 12953
8903 10811
8994 10832
9024 9481
9026 12615
9074 10015
9068 11187
9119 9713
9142 12206
9322 10322
9422 11321
9790 11084
9821 10811
10009 10811
10060 10883
10060 12234
10214 10305
10214 10787
10214 13169
10343 11060
10366 10649
10421 11778
10515 11277
10516 12402
10753 11054
10832 11074
10863 12035
10881 11967
10883 13169
10885 12231
10909 11279
10909 13138
10945 11183
11037 12206
11060 11574
11359 11793
11374 12983
11511 11561
11714 11778
12014 13087
12912 12996
1 157
1 639
1 11219
14 6483
28 10364
29 6727
64 3175
64 9647
71 5930
71 6678
71 8038
71 10948
71 11882
93 9616
141 13161
157 11494
185 265
185 1262
195 10898
195 11533
262 4855
263 3909
263 7121
264 1203
266 7665
269 9969
319 2071
319 8686
319 11491
357 9340
335 4884
502 1947
639 7665
552 12214
688 11937
727 1915
744 13004
1049 11553
1059 2073
1059 3730
1072 1992
1082 8837
1090 3575
1151 9574
1167 7073
1168 1354
1188 8772
1262 6913
1300 7206
1301 3622
1301 6540
1332 3898
1199 7438
1203 6374
1211 5222
1354 11757
1363 2053
1363 12217
1367 5009
1390 8418
1402 8152
1419 4757
1419 8451
1432 1493
1374 10844
1479 8575
1485 2138
1485 10206
1487 1948
1487 5706
1535 9007
1579 5492
1626 11552
1629 9383
1655 7446
1655 7470
1655 8938
1655 9090
1670 2803
1779 4758
1781 5255
1783 8945
1792 7418
1792 10217
1948 11937
1880 5706
1915 7748
1929 5192
1929 12724
1943 2881
1947 11573
2053 10191
2065 9648
2072 6720
2073 11938
2013 10827
2013 11809
2092 6082
2092 8434
2092 11380
2162 6727
2160 10191
2160 10455
2171 5064
2189 5255
2559 4910
2559 9385
2559 9734
2559 10742
2576 9340
2576 9834
2779 6667
2791 3409
2791 7377
2791 12711
2803 11379
2824 3288
2829 9645
2830 3408
2830 3649
2858 5258
2858 8924
2882 2957
2957 9035
3174 4910
3176 3428
3178 8520
3296 9712
3297 11194
3288 3934
3288 11316
3313 6077
3316 9647
3320 7909
3320 8515
3320 10746
3346 8452
3370 7858
3459 9569
3478 8945
3564 6941
3598 6483
3598 7289
3622 8202
3622 9615
3648 9299
3648 11501
3683 11887
3729 4489
3730 10716
3869 10403
3904 5713
3905 8718
3909 13085
4489 7674
4489 8067
4657 6860
4659 7679
4659 8931
4744 11504
4782 7121
4830 11894
4831 7654
4831 13071
4855 8076
4855 9620
4910 11788
4915 7871
4937 9887
4937 10031
4938 9729
4940 7470
4969 7438
5064 7386
5097 8978
5192 9587
5239 10414
5255 13186
5289 8180
5289 9949
5289 10898
5419 9073
5471 11982
5492 7857
5516 8931
5516 10476
5589 7437
5713 10827
5713 12997
5793 12988
5794 9853
5841 8076
5843 9815
5916 10522
6077 13180
6274 11126
6274 11707
6283 7168
6283 7418
6283 9645
6363 7013
6363 9192
6458 7150
6494 7665
6617 9668
6617 11552
6667 8363
6715 10387
6720 9887
6727 9050
6733 9814
6734 9311
6734 10674
6753 9726
6754 10716
6758 11494
6811 13015
6528 7748
6528 10674
6539 8537
6905 11257
7073 7908
7074 10610
7163 11552
7213 10414
7303 11882
7377 11873
7385 9217
7386 11725
7393 11293
7418 11858
7438 12214
7470 11791
7513 8520
7665 12669
7679 8363
7682 12987
7695 11643
7695 13015
7696 7746
7856 10364
7870 12644
7950 9712
8143 11126
8164 11316
8175 10058
8434 8931
8577 11748
8583 11501
8652 8686
8689 12217
8761 10869
8776 12987
8778 9812
8778 13162
8837 9514
8845 9894
8845 10970
8923 9299
8923 11823
8934 9712
8945 11882
8970 10721
9073 11878
9043 11261
9091 11323
9108 11501
9143 10455
9213 11841
9251 9375
9340 11491
9340 11884
9507 10681
9591 9692
9591 11221
9622 13186
9668 9949
9757 10206
9757 11982
9831 9854
9887 10217
9887 13015
9956 10253
9894 10884
10191 12638
10217 10253
10364 10674
10447 10681
10522 10743
10610 11819
10697 11822
10884 11912
11102 11763
11348 12998
11643 11812
11643 13015
11653 12190
11937 12641
12006 13085
12641 13010
50 1575
50 5284
50 5842
50 6398
50 9718
69 1930
95 3241
425 7180
170 7471
183 8066
296 12562
271 13194
272 8193
283 7477
293 7334
324 3838
331 6943
331 8028
363 7744
363 10760
383 11728
399 9835
526 8407
526 10475
537 2955
537 5517
537 9490
537 13143
545 6403
545 9695
549 9768
562 3503
636 3223
636 9892
686 2760
747 7133
772 10130
772 12076
781 7401
783 12024
984 3819
985 2067
992 6447
994 1794
994 12553
996 1448
996 10318
1000 11727
1004 10076
1068 6320
1068 10120
1087 12901
1110 5829
1111 7334
1190 3689
1191 3725
1195 8155
1333 13089
1334 3287
1212 5284
1217 8589
1218 5391
1365 3535
1365 3589
1365 10112
1382 4497
1382 8703
1394 7901
1394 8311
1449 7863
1468 6526
1474 5498
1474 10076
1501 9689
1511 2821
1511 11167
1513 8766
1586 9766
1607 3257
1607 4640
1641 11779
1738 6877
1735 10422
1764 3549
1764 6233
1786 6760
1786 12587
1794 11520
1799 4650
1799 11181
1807 3421
1833 8419
1833 10854
1833 11694
1979 3329
2061 5496
2061 10715
2067 8775
2067 12397
2067 13056
2084 6210
2084 11939
2085 12388
2024 10854
2024 12902
2025 6270
2025 8848
2041 2435
2047 3589
2435 12332
2509 6623
2509 7380
2527 3725
2527 12816
2594 6406
2594 9603
2594 13009
2578 6080
2578 6561
2605 9965
2612 8148
2633 9076
2760 3322
2821 6403
2822 10842
2844 8155
2887 6484
2936 6080
2936 6419
2953 10311
2955 5838
2986 9769
3172 7507
3173 6553
3216 8292
3216 8747
3216 11186
3241 11741
3257 10851
3270 11093
3270 11575
3274 8731
3275 6210
3286 3696
3421 13054
3448 5838
3448 7974
3503 8419
3549 10347
3549 10751
3690 8148
3691 5498
3696 9500
3716 10920
3725 5864
3774 10112
3778 13230
3808 12902
3819 11093
3830 10340
3838 4650
3845 6047
3853 11093
3853 12909
3875 10854
4478 8204
4630 8417
4640 7210
4740 5249
4740 10318
4854 12631
5122 6231
5162 7649
5162 8380
5162 8974
5227 7464
5227 11657
5498 11779
5517 7991
5558 7471
5560 8380
5562 9695
5677 10475
5709 7141
5709 10839
5761 11626
5768 12153
5786 6646
5786 12581
5780 10201
5780 11524
5849 5904
5827 7262
5827 11656
5881 8784
6047 10953
6210 11652
6210 12559
6214 12024
6215 6440
6215 12558
6263 7666
6320 7477
6403 8877
6403 10362
6406 8193
6352 10818
6445 13233
6447 7499
6440 8986
6504 6509
6526 9719
6646 8850
6646 8988
6646 9695
6646 12652
6649 11362
6649 11760
6681 9768
6976 12558
6989 10733
7180 10349
7210 12267
7281 9718
7240 12558
7334 7664
7345 10318
7345 12631
7401 12559
7431 10310
7464 9695
7471 9493
7499 11093
7499 11880
7499 13089
7507 10453
7651 10920
7656 10130
7656 11626
7662 11985
7702 12558
7759 12024
7760 8431
7760 12332
7776 13198
7863 10400
7948 11186
7921 8311
7921 11985
7973 9967
8135 11716
8148 9493
8155 8193
8155 13009
8193 10761
8204 9766
8204 11760
8219 8711
8367 10120
8378 10982
8378 12643
8404 11971
8417 13089
8456 10310
8519 10113
8576 9219
8703 10076
8731 8774
8731 11946
8766 10422
8849 11572
8974 10427
9027 10842
9070 10349
9070 11850
9118 9264
9190 10761
9228 11296
9264 10976
9380 11591
9434 10258
9490 10313
9649 11181
9719 10814
9766 11762
9946 13060
10042 10195
10042 13174
10073 12901
10110 10195
10201 11625
10199 10294
10274 12105
10349 12667
10428 11694
10525 11716
10735 12553
10707 10953
10839 11062
11575 11885
11 3442
11 7115
11 8598
66 6808
66 9664
66 10680
70 2562
88 9501
160 9997
172 178
172 1403
178 5129
178 7209
206 11881
207 13183
208 2617
208 13055
217 1116
217 2610
267 1060
267 9463
267 10452
334 3123
334 5912
421 3384
421 5161
421 5383
459 1136
498 5184
503 1498
503 12107
558 10289
560 3581
560 4847
617 6921
617 10051
617 10219
619 3324
619 11750
684 11178
730 12393
722 12181
711 11089
753 9746
769 1210
769 3197
769 3352
769 4922
769 7332
792 1727
792 3206
792 11240
794 1849
794 2819
879 12561
831 2650
975 7115
1033 6808
1040 7892
1085 8478
1094 3651
1132 7532
1133 1831
1133 5253
1136 7756
1149 5253
1150 2691
1150 8037
1152 3303
1174 6396
1321 6418
1202 11576
1210 1489
1210 1614
1210 12999
1355 6219
1459 5130
1380 5124
1380 6795
1403 13212
1460 6096
1486 1980
1498 3161
1615 11294
1726 9708
1727 2082
1785 2075
1785 2805
1828 6808
1828 7680
1834 10923
1933 12056
2075 3219
2000 2694
2007 7609
2105 12689
2109 3554
2136 3462
2161 8307
2161 11569
2161 12181
2187 8397
2188 5383
2438 7733
2438 9518
2487 6486
2495 11798
2510 7680
2510 10439
2587 3742
2588 4913
2589 6376
2589 10372
2611 10882
2628 6219
2650 2903
2694 7613
2704 3685
2704 7733
2705 12107
2716 10938
2758 2883
2758 6490
2768 2831
2773 5825
2782 8698
2782 13091
2794 5929
2804 9594
2835 7388
2835 10907
2883 6654
2932 8958
2949 10767
2958 5840
2990 3754
3161 6412
3184 7532
3197 4834
3305 5863
3219 7594
3267 9996
3384 7008
3417 8478
3442 10315
3462 7892
3462 11947
3562 8680
3581 6355
3653 5088
3653 7072
3662 4945
3692 8959
3692 11947
3692 13139
3742 10938
3762 7609
3823 8992
3916 10769
4725 13003
4780 5164
4787 5380
4787 7835
4848 5253
4849 5888
4849 8409
4834 5594
4901 6917
4912 10429
4956 5808
5088 9491
5088 11294
5088 11890
5103 9709
5114 8291
5123 6922
5161 10822
5184 9852
5187 11294
5253 11735
5378 7585
5380 11848
5383 10051
5383 13006
5467 10143
5527 8900
5554 13179
5594 7208
5661 6219
5712 11742
5719 10951
5763 11225
5825 11565
5837 10314
5840 8052
5878 6627
5878 11629
5903 7342
5923 9708
5950 6868
5950 12201
6262 9708
6262 10119
6262 11352
6262 11637
6305 6460
6305 9597
6307 7905
6311 6375
6376 8528
6415 10393
6355 9203
6358 9708
6450 11103
6460 10380
6487 12140
6637 7585
6706 8065
6863 11646
7116 9970
7116 11881
7311 7756
7311 10452
7331 13181
7535 10838
7535 11177
7583 7995
7693 12246
7729 13091
7756 11999
7756 12689
7826 10907
7835 12042
7836 9905
7891 11178
7892 11746
7905 8948
7905 13091
7952 10119
8065 10245
7988 12614
7996 12775
8052 10938
8052 11352
8149 9708
8186 9970
8186 10051
8186 10239
8211 9867
8396 9158
8401 8472
8401 10238
8401 11225
8437 10051
8437 11241
8478 9312
8478 10822
8598 9849
8783 13205
8852 10238
8832 13003
8897 9788
8967 10703
8967 12070
9083 11935
9103 12561
9136 12963
9221 11630
9221 12391
9231 12055
9249 11176
9304 11057
9491 9709
9664 13181
9691 9739
9691 11158
9708 11750
9740 12884
9746 10456
9849 11281
9952 10725
9994 10317
9995 10801
9904 11947
10101 11024
10117 10139
10132 13006
10139 10316
10315 10754
10418 12689
10429 12140
10754 13181
10951 12207
11176 12806
11281 13055
11358 12614
11448 13139
11493 12689
11529 11569
11639 11646
