56 59
154 156
155 156
457 458
531 533
531 534
641 645
642 645
643 644
735 737
738 742
742 743
748 749
784 785
785 786
790 791
1042 1043
1062 1063
1119 1122
1122 1123
1163 1164
1164 1165
1176 1177
1266 1273
1268 1269
1396 1398
1397 1400
1398 1400
1399 1400
1443 1447
1469 1471
1470 1471
1470 1472
1520 1521
1638 1639
1639 1640
1657 1658
1824 1825
1867 1868
1887 1888
2131 2133
2131 2134
2470 2471
2521 2522
2529 2531
2695 2696
2825 2827
2938 2939
3152 3153
3152 3154
3181 3182
3230 3233
3231 3233
3233 3238
3235 3237
3338 3339
3422 3423
3422 3424
3583 3584
3583 3585
3584 3585
3677 3678
3758 3759
3758 3760
3759 3760
3790 3791
3821 3822
3833 3834
3833 3835
3834 3835
3870 3872
3871 3872
3871 3873
4481 4482
4481 4484
4483 4484
4491 4492
4631 4632
4632 4633
4642 4643
4764 4767
4768 4771
4790 4791
4790 4792
4790 4794
4802 4817
4816 4821
4823 4827
4825 4826
4924 4925
4997 4998
5062 5063
5250 5251
5308 5333
5333 5359
5342 5357
5347 5356
5351 5362
5509 5510
5551 5552
5649 5657
5651 5655
5651 5658
5652 5654
5652 5657
5653 5656
5654 5656
5699 5700
5699 5701
5700 5701
5728 5729
5799 5800
5834 5835
5968 5969
6064 6065
6168 6170
6171 6176
6172 6173
6172 6176
6174 6179
6175 6178
6236 6258
6237 6256
6239 6245
6244 6248
6251 6255
6314 6315
6343 6349
6346 6348
6347 6350
6348 6349
6464 6465
6735 6740
6736 6739
6747 6748
6748 6752
6751 6752
6835 6847
6836 6848
6841 6843
6541 6542
6939 6940
7051 7059
7052 7058
7053 7055
7053 7057
7056 7059
7060 7061
6974 6975
6991 6992
7125 7132
7126 7128
7128 7129
7158 7159
7295 7296
7296 7297
7284 7285
7365 7366
7365 7368
7366 7367
7366 7368
7390 7391
7450 7451
7511 7512
7566 7567
7667 7668
7668 7669
7705 7721
7709 7714
7711 7715
7714 7722
7718 7721
7844 7845
8024 8025
8039 8040
8088 8100
8103 8114
8105 8124
8111 8123
8196 8199
8508 8509
8590 8592
8591 8592
8591 8593
8596 8597
8608 8609
8641 8642
8645 8646
8669 8670
8732 8735
8733 8734
9124 9129
9183 9184
9313 9316
9314 9316
9432 9433
9531 9558
9540 9549
9545 9553
9612 9613
9657 9658
9686 9687
9710 9711
9801 9802
9801 9805
9841 9842
9876 9877
9877 9878
9877 9879
9878 9879
9920 9931
9921 9924
9923 9929
9928 9930
10011 10013
10012 10013
10029 10030
10083 10088
10084 10098
10085 10092
10086 10096
10087 10089
10087 10097
10207 10208
10287 10288
10556 10565
10576 10580
10586 10587
10701 10702
10727 10730
10727 10731
10728 10730
10729 10730
10808 10809
10834 10835
10836 10837
11027 11029
11097 11100
11098 11101
11189 11190
11189 11192
11190 11191
11190 11192
11222 11223
11269 11270
11269 11271
11270 11271
11364 11365
11471 11472
11588 11589
11785 11786
11785 11787
11834 11836
11835 11836
12027 12028
12027 12029
12096 12098
12097 12098
12358 12368
12360 12377
12361 12378
12370 12374
12240 12241
12250 12251
12250 12256
12251 12257
12253 12257
12255 12258
12261 12262
12589 12590
12590 12591
12590 12596
12594 12599
12595 12598
12596 12604
12616 12617
12634 12635
12636 12637
12655 12657
12655 12658
12655 12659
12657 12662
12658 12660
12678 12679
12796 12797
12782 12783
12782 12787
12784 12785
12784 12787
12789 12790
12807 12808
12809 12810
12989 12992
12990 12992
12991 12992
13063 13065
13064 13066
13164 13165
13214 13215
13215 13216
31 36
31 38
37 44
39 42
39 45
86 87
100 101
100 110
103 108
105 106
439 442
440 442
440 445
441 442
286 287
286 288
289 290
329 330
519 523
522 524
566 570
567 581
569 598
574 590
582 590
696 697
696 706
697 702
701 702
701 705
713 714
917 919
918 919
963 964
971 972
1095 1097
1096 1098
1153 1154
1276 1289
1280 1288
1284 1286
1286 1290
1456 1457
1426 1428
1426 1429
1375 1376
1435 1436
1765 1767
1766 1767
1810 1820
1813 1818
1843 1844
1875 1876
1862 1865
1864 1865
1882 1883
1891 1892
1913 1914
2077 2078
2014 2015
2015 2017
2178 2184
2179 2184
2180 2183
2181 2185
2525 2526
2565 2568
2619 2620
2644 2645
2644 2646
2651 2665
2659 2666
2661 2679
2663 2679
2665 2674
2670 2677
2677 2681
2862 2864
2863 2865
2909 2910
2909 2911
2910 2911
2929 2930
2929 2931
2991 2993
2991 2994
2992 2993
2993 2994
3198 3199
3300 3301
3490 3491
3491 3492
3537 3538
3533 3534
3547 3548
3565 3566
3565 3567
3566 3567
3699 3700
3699 3701
3763 3766
3764 3767
3765 3767
3766 3768
3767 3768
3784 3785
3846 3847
3848 3849
3849 3850
3856 3857
3900 3901
3900 3902
3900 3903
3902 3903
4675 4676
4843 4844
4845 4846
5001 5002
5082 5083
5105 5106
5268 5270
5268 5274
5269 5275
5271 5272
5272 5279
5396 5406
5397 5404
5397 5407
5403 5405
5420 5422
5441 5442
5503 5505
5511 5512
5519 5520
5597 5638
5614 5623
5702 5704
5752 5754
5752 5755
5857 5858
5869 5875
5870 5875
5873 5875
6088 6089
6089 6091
6089 6095
6090 6091
6091 6092
6091 6094
6091 6095
6092 6093
6094 6095
6163 6165
6163 6166
6164 6166
6165 6166
6182 6185
6184 6185
6211 6212
6216 6217
6385 6387
6385 6388
6387 6388
6530 6531
6936 6937
6936 6938
6945 6946
7118 7119
7118 7120
7119 7120
7293 7294
7336 7337
7394 7395
7394 7396
7395 7396
7460 7461
7486 7488
7487 7491
7487 7493
7491 7493
7761 7762
7924 7928
7926 7927
7927 7929
8002 8010
8005 8009
8042 8043
8182 8184
8182 8185
8183 8185
8376 8377
8466 8467
8512 8513
8840 8841
8963 8964
8963 8965
8964 8966
9196 9197
9236 9237
9236 9239
9238 9239
9270 9274
9272 9278
9277 9279
9331 9333
9484 9487
9486 9487
9521 9523
9705 9707
9706 9707
9754 9756
9755 9756
9782 9783
10106 10107
10193 10194
10250 10251
10251 10252
10301 10302
10260 10261
10306 10307
10639 10640
10685 10686
10712 10713
10712 10714
10722 10724
10723 10724
10755 10756
10757 10758
10758 10759
10904 10905
10378 11199
10378 11205
11198 11206
11201 11204
11229 11230
11243 11252
11243 11253
11282 11284
11282 11285
11283 11285
11284 11285
11301 11306
11302 11305
11303 11305
11304 11306
11508 11509
11597 11621
11599 11614
11604 11612
11608 11620
11609 11616
11614 11619
11615 11621
11617 11623
11671 11685
11718 11721
11719 11720
11769 11773
11769 11774
11771 11774
11772 11774
11772 11775
11774 11775
12058 12059
12059 12060
12202 12203
12208 12209
12208 12210
12208 12211
12209 12211
12426 12494
12440 12456
12440 12518
12461 12510
12499 12542
12500 12541
12513 12529
12734 12760
12739 12746
12741 12747
12745 12760
12873 12875
12874 12876
12876 12879
12877 12879
12887 12892
12887 12893
12891 12893
12892 12894
12893 12895
12907 12908
12956 12958
12967 12971
12969 12971
12970 12972
13077 13079
13079 13080
13079 13081
13125 13128
13189 13190
9 10
23 25
24 25
24 26
25 26
60 61
60 62
163 164
198 200
200 201
349 350
349 351
460 466
461 466
462 464
764 768
765 768
766 768
981 982
1051 1053
1051 1054
1159 1160
1159 1161
1160 1161
1196 1197
1196 1198
1197 1198
1406 1410
1408 1411
1409 1410
1409 1412
1545 1547
1546 1547
1729 1731
1730 1731
1744 1745
1744 1746
1960 1962
1960 1963
1961 1963
1962 1963
2094 2095
2098 2099
2120 2121
2122 2123
2614 2615
2692 2693
2733 2734
2916 2928
2917 2925
2917 2926
2922 2924
2950 2951
3145 3146
3155 3157
3156 3158
3243 3244
3243 3253
3244 3245
3247 3254
3248 3251
3251 3253
3293 3295
3471 3472
3506 3507
3508 3509
3540 3541
3623 3624
3623 3625
3623 3626
3624 3625
3625 3626
3710 3711
3876 3878
3877 3888
3879 3881
3880 3883
3884 3885
4655 4656
4665 4666
4665 4667
4666 4667
4666 4668
4837 4838
5095 5096
5100 5101
5119 5121
5120 5121
5195 5196
5205 5214
5205 5218
5208 5209
5211 5214
5215 5217
5229 5230
5233 5236
5233 5237
5234 5235
5235 5236
6432 6433
5970 5971
5972 5973
6259 6260
6276 6278
6277 6278
6284 6285
6284 6287
6316 6317
6321 6337
6322 6323
6324 6330
6327 6329
6335 6338
6390 6391
6423 6424
6423 6428
6423 6429
6425 6426
6425 6430
6425 6431
6427 6430
6521 6523
6522 6524
6888 6889
6895 6900
6896 6901
6897 6900
6899 6900
6899 6901
6900 6902
7014 7015
7014 7019
7015 7018
7016 7018
7017 7018
6969 6972
6970 6971
6971 6972
7142 7143
7146 7147
7406 7414
7409 7412
7411 7414
7411 7415
7412 7417
7419 7420
7482 7483
7522 7523
7586 7588
7586 7589
7587 7590
7588 7589
7596 7597
7675 7676
7735 7736
7770 7772
7770 7773
7771 7773
7783 7793
7803 7806
7803 7821
7808 7811
7847 7848
7956 7957
7961 7962
8280 8281
8313 8314
8364 8366
8365 8366
8391 8392
8410 8414
8414 8415
8487 8488
8489 8490
8489 8491
8490 8491
8495 8496
8544 8545
8621 8623
8621 8625
8622 8623
8622 8625
8623 8624
8637 8638
8653 8654
8673 8674
8673 8675
8674 8675
8630 8632
8631 8633
8757 8758
8757 8759
8758 8759
8739 8744
8740 8745
8741 8742
8795 8812
8796 8811
8799 8804
8800 8813
8809 8813
8809 8819
8823 8824
8912 8913
9031 9032
9106 9107
9390 9395
9391 9393
9391 9396
9392 9397
9395 9396
9425 9426
9465 9466
9476 9477
9478 9480
9479 9480
9673 9685
9674 9682
9677 9685
9679 9685
9681 9682
9700 9702
9758 9760
9759 9763
9759 9764
9827 9828
9881 9882
9986 9987
9986 9988
10026 10027
10026 10028
10027 10028
10070 10071
10070 10072
10157 10158
10290 10291
10291 10292
10264 10265
10265 10268
10434 10435
10520 10521
10530 10541
10530 10544
10531 10544
10588 10593
10589 10591
10607 10608
11110 11111
11112 11113
11112 11116
11114 11119
11117 11120
11259 11260
11265 11266
11265 11267
11265 11268
11266 11268
11333 11335
11334 11336
11334 11337
11349 11350
11498 11499
11538 11539
11544 11546
11583 11584
11583 11585
11583 11587
11584 11585
11584 11587
11806 11808
11807 11808
11767 11768
11916 11925
11920 11926
11951 11952
12051 12052
12051 12053
12052 12053
12276 12277
12278 12280
12279 12280
12405 12407
12574 12575
12622 12623
12622 12629
12623 12629
12777 12778
12913 12914
12913 12915
12935 12946
12936 12945
12938 12941
12939 12940
12941 12943
12941 12946
12942 12946
12944 12945
12945 12946
12949 12950
13170 13171
18 19
18 20
19 20
72 73
72 75
73 74
131 133
132 133
151 153
152 153
436 437
436 438
299 300
370 372
370 373
370 374
373 374
504 505
627 631
629 634
632 634
707 708
773 780
775 778
776 777
777 779
778 780
912 914
914 916
997 999
998 999
1044 1045
1046 1047
1088 1089
1291 1299
1293 1294
1294 1296
1295 1296
1387 1389
1582 1583
1700 1701
1769 1770
1770 1771
1837 1842
1858 1859
1955 1957
1956 1958
2043 2045
2043 2046
2140 2141
2140 2143
2142 2143
2142 2144
2143 2144
2153 2155
2154 2155
2154 2156
2234 2265
2243 2428
2327 2364
2376 2392
2496 2497
2518 2519
2537 2538
2597 2598
2700 2701
2730 2731
2808 2809
2837 2838
2874 2875
3214 3215
3220 3221
3335 3336
3353 3356
3354 3357
3418 3419
3523 3526
3530 3531
3595 3596
3629 3646
3631 3635
3633 3636
3636 3640
3639 3641
3667 3668
3667 3669
3703 3704
3694 3695
3750 3751
3750 3752
3751 3752
4726 4727
4726 4728
4727 4728
4727 4729
3787 3788
5098 5099
5132 5134
5132 5135
5133 5135
5134 5135
5138 5139
5139 5140
5436 5437
5475 5476
5481 5482
5716 5718
5717 5718
5817 5818
5953 5954
5953 5958
5955 5956
5955 5957
5956 5959
5957 5959
5958 5959
6074 6075
6122 6134
6127 6152
6153 6162
6462 6463
6755 6756
6797 6800
6798 6801
6798 6804
6800 6805
6806 6807
6827 6828
6852 6853
6856 6858
6871 6875
6872 6874
6874 6876
6906 6907
6934 6935
6950 6959
6955 6960
6956 6960
6960 6966
6964 6965
6998 7000
7122 7123
7122 7124
7123 7124
7136 7137
7199 7203
7202 7205
7352 7355
7352 7359
7353 7354
7355 7360
7357 7358
7453 7455
7454 7455
7466 7467
7524 7525
7763 7764
7780 7781
7877 7878
7897 7898
8044 8046
8059 8060
8060 8061
8060 8063
8061 8062
8062 8063
8063 8064
8300 8303
8301 8302
8303 8304
8443 8446
8714 8715
8728 8729
8750 8751
8750 8752
8751 8753
8752 8753
8768 8769
8833 8834
8833 8835
8834 8835
8880 8881
9036 9038
9037 9038
9047 9048
9209 9210
9254 9255
9257 9259
9258 9263
9337 9338
9354 9356
9354 9360
9355 9358
9359 9363
9360 9362
9370 9371
9370 9372
9818 9819
9883 9884
9937 9941
9939 9945
9942 9944
10039 10041
9898 9899
9898 9900
9899 9900
9899 9901
9900 9901
9900 9902
9901 9902
9911 9912
10061 10063
10061 10064
10062 10063
10063 10064
10153 10154
10153 10155
10154 10155
10160 10170
10160 10171
10161 10173
10162 10178
10164 10165
10164 10166
10168 10171
10170 10173
10145 10149
10146 10149
10215 10216
10234 10235
10298 10299
10298 10300
10299 10300
10325 10329
10331 10334
10332 10333
10332 10334
10459 10460
10583 10584
10605 10606
10689 10692
10689 10694
10689 10695
10690 10695
10690 10696
10718 10720
10748 10749
10771 10772
10771 10773
10782 10783
10782 10784
11080 11081
11081 11082
11122 11123
11263 11264
11307 11309
11308 11310
11309 11310
11506 11507
11521 11522
11522 11523
11703 11704
11891 11892
12018 12019
12163 12173
12169 12180
12298 12299
12306 12312
12306 12313
12555 12556
12672 12673
12673 12675
12674 12677
12675 12676
12676 12677
12695 12697
12695 12698
12696 12699
12697 12698
12769 12773
12813 12814
12813 12815
12814 12815
12920 12921
12920 12922
12920 12924
12921 12924
12922 12923
13017 13018
13114 13119
13114 13121
13115 13116
13115 13118
13116 13117
13116 13121
13117 13118
13118 13121
13167 13168
13225 13227
13225 13228
139 140
210 212
367 368
379 381
380 381
452 453
488 490
488 491
489 491
510 515
511 515
709 710
887 890
888 893
798 799
798 801
799 800
799 801
908 909
965 966
976 977
976 978
976 979
977 978
978 979
1126 1127
1126 1128
1126 1131
1127 1130
1129 1130
1183 1184
1225 1227
1368 1369
1414 1416
1416 1417
1371 1372
1439 1440
1439 1441
1440 1441
1464 1466
1465 1466
1465 1467
1530 1531
1597 1598
1598 1599
1598 1600
1649 1650
1650 1652
1650 1653
1651 1653
1671 1672
1676 1677
1676 1678
1680 1699
1683 1696
1686 1693
1689 1690
1692 1699
1694 1696
1754 1755
1755 1757
1938 1939
1971 1972
2027 2028
2030 2031
2037 2039
2087 2088
2103 2104
2106 2107
2116 2118
2117 2118
2440 2441
2441 2442
2441 2443
2444 2445
2444 2446
2590 2591
2590 2592
2726 2727
2726 2728
2727 2728
2727 2729
2741 2742
2743 2745
2744 2751
2745 2746
2746 2755
2753 2754
2769 2770
2770 2771
2870 2871
2870 2872
3124 3126
3125 3126
3131 3132
3224 3225
3224 3226
3225 3226
3343 3344
3364 3366
3495 3497
3496 3497
3496 3498
3497 3498
3611 3612
3611 3613
3611 3614
3612 3617
3615 3617
3616 3617
3681 3682
3731 3732
3814 3815
4612 4614
4612 4618
4613 4617
4614 4616
4615 4617
4616 4617
4626 4627
4645 4649
4646 4648
4647 4649
4730 4731
4784 4785
4905 4907
4905 4908
5080 5081
5084 5086
5084 5087
5085 5086
5086 5087
5154 5156
5182 5183
5425 5431
5425 5434
5427 5433
5429 5431
5430 5434
5506 5507
5697 5698
5801 5802
5802 5803
5944 5946
5948 5949
5961 5962
6048 6053
6049 6053
6052 6054
6070 6071
6399 6400
6399 6401
6491 6492
6650 6651
6659 6661
6659 6665
6660 6663
6661 6665
6662 6664
6662 6666
6664 6665
6850 6851
6865 6866
6879 6880
6891 6892
7044 7045
7153 7154
7317 7320
7318 7319
7318 7321
7319 7320
7440 7441
7563 7564
7703 7704
7827 7828
7829 7830
7829 7831
7830 7832
7831 7832
7916 7917
7916 7918
7917 7918
8132 8133
8315 8321
8315 8326
8320 8324
8532 8533
8547 8548
8584 8585
8676 8677
8676 8678
8677 8678
8995 8996
8996 8998
9085 9087
9095 9096
9145 9150
9146 9147
9146 9148
9146 9149
9387 9388
9509 9510
9604 9605
9605 9607
9606 9607
9625 9633
9630 9639
9633 9635
9635 9636
9637 9641
9735 9736
9735 9737
9735 9738
9736 9737
9823 9824
9856 9857
9858 9859
9863 9864
9958 9960
10127 10128
10188 10189
10188 10190
10189 10190
10283 10286
10284 10285
10284 10286
10377 10378
10449 10450
10450 10451
10612 10613
10628 10637
10633 10636
10653 10654
10653 10656
10656 10660
10667 10668
10739 10741
10910 10912
10910 10913
10911 10912
10912 10913
10774 10775
10888 10889
10934 10935
11017 11018
11161 11162
11174 11175
11233 11236
11371 11373
11381 11382
11381 11383
11578 11579
11578 11580
11578 11581
11579 11580
11701 11702
11817 11818
11871 11872
11897 11901
11898 11900
11899 11904
11900 11901
11932 11933
11955 11959
11955 11964
11957 11962
11958 11962
11960 11963
12016 12017
12065 12066
12115 12119
12116 12134
12118 12124
12118 12125
12119 12131
12119 12134
12122 12125
12122 12136
12129 12131
12154 12155
12265 12266
12576 12577
12576 12578
12646 12648
12647 12648
12663 12664
12690 12691
12690 12692
12690 12693
12691 12692
12691 12693
12692 12693
12803 12804
12867 12868
12867 12869
12868 12869
13049 13051
13049 13052
13200 13202
13201 13202
4 7
6 7
97 98
119 121
119 123
204 205
242 258
243 246
243 252
245 249
248 251
274 276
275 276
275 277
332 333
473 480
477 483
480 483
677 678
677 679
1104 1105
1138 1139
1193 1194
1325 1326
1325 1327
1326 1328
1327 1328
1204 1205
1204 1206
1204 1208
1206 1208
1213 1214
1383 1384
1514 1515
1609 1610
1612 1613
1773 1774
1894 1895
2019 2020
2145 2146
2447 2450
2448 2456
2450 2451
2454 2455
2455 2456
2475 2478
2475 2479
2477 2479
2478 2480
2499 2500
2502 2505
2504 2506
2720 2722
2890 2895
2892 2893
2896 2898
2897 2898
2972 2983
2973 2978
2973 2980
2977 2981
2980 2984
2981 2982
3147 3149
3148 3150
2998 2999
2998 3000
2999 3000
3170 3171
3271 3272
3340 3341
3367 3368
3375 3376
3393 3396
3394 3395
3395 3398
3397 3398
3397 3399
3433 3434
3434 3435
3434 3436
3557 3559
3558 3559
3654 3655
3891 3894
3892 3894
3892 3895
3894 3895
4494 4495
4505 4543
4517 4525
4527 4532
4545 4567
4566 4600
4636 4638
4637 4638
4638 4639
4660 4662
4660 4663
4662 4663
4864 4865
4864 4866
4865 4867
4866 4867
5021 5022
5021 5032
5021 5052
5022 5038
5023 5026
5040 5050
5041 5051
5045 5051
5115 5116
5115 5118
5116 5117
5116 5118
5190 5191
5200 5202
5201 5202
5264 5265
5385 5388
5386 5388
5411 5413
5412 5413
5412 5414
5413 5414
5486 5487
6434 6435
6435 6436
6435 6437
6436 6438
5534 5536
5538 5541
5823 5824
5813 5814
5813 5816
5920 5922
5921 5922
5933 5934
5933 5936
5934 5937
5935 5936
5936 5941
6084 6085
6084 6086
6085 6086
6378 6383
6380 6383
6675 6676
6818 6819
6881 6882
6881 6883
6882 6884
6883 6884
7183 7184
7183 7185
7184 7185
7422 7424
7423 7424
7479 7481
7480 7481
7457 7458
7457 7459
7458 7459
7657 7658
7659 7660
7660 7661
8085 8086
8085 8087
7849 7850
7912 7913
7912 7914
7980 7981
7983 7984
8137 8138
8287 8288
8339 8343
8347 8352
8354 8359
8578 8579
8578 8580
8683 8684
8684 8685
8754 8755
8780 8781
8787 8788
8787 8789
8908 8909
8908 8910
8910 8911
8968 8969
8971 8972
9001 9002
9001 9003
9001 9005
9002 9003
9002 9004
9002 9005
9004 9005
9092 9093
9172 9177
9174 9182
9186 9187
9186 9188
9188 9189
9301 9303
9318 9319
9318 9320
9319 9320
9427 9429
9428 9429
9429 9430
9399 9400
9420 9421
9457 9459
9458 9459
9495 9496
9495 9497
9526 9527
9588 9589
9608 9609
9660 9662
9660 9663
9661 9663
9750 9751
9794 9796
9794 9797
9795 9797
10044 10045
10046 10048
10048 10049
10068 10069
10103 10105
10104 10105
10181 10182
10184 10185
10278 10279
10280 10281
10280 10282
10430 10431
10431 10432
10431 10433
10432 10433
10708 10709
10877 10878
10900 10901
10957 10958
10957 10960
10959 10960
11043 11046
11044 11045
11044 11046
11045 11046
11104 11106
11105 11107
11237 11238
11338 11339
11341 11342
11341 11345
11342 11345
11343 11344
11346 11347
11368 11369
11375 11376
11376 11377
11384 11385
11384 11387
11514 11515
11514 11516
11514 11517
11514 11518
11515 11517
11648 11650
11648 11651
11783 11784
11764 11765
11978 11980
11989 11990
11989 11991
11990 11991
12083 12084
12283 12285
12284 12290
12286 12290
12399 12401
12925 12926
12925 12928
12959 12961
12960 12962
13035 13036
13035 13041
13035 13042
13072 13075
13073 13074
13074 13076
13075 13076
13092 13093
13107 13109
13107 13111
13111 13113
76 77
116 117
174 175
280 281
341 342
448 449
448 450
448 451
449 450
541 542
650 651
653 654
656 670
657 666
663 670
664 670
666 675
754 755
895 896
1011 1013
1078 1079
1220 1221
1349 1350
1453 1454
1553 1560
1580 1581
1631 1632
1759 1760
1788 1790
1789 1790
1802 1805
1803 1806
1804 1806
1855 1856
1905 1907
1952 1953
1983 1987
1984 1986
1985 1986
2008 2009
2008 2011
2009 2011
2125 2129
2126 2128
2465 2466
2465 2467
2466 2467
2482 2483
2555 2557
2556 2557
2542 2543
2810 2811
2850 2855
2934 2935
3040 3111
3052 3084
3061 3068
3259 3263
3281 3283
3289 3290
3290 3292
3360 3361
3377 3378
3429 3430
3429 3431
3430 3431
3437 3438
3576 3578
3576 3579
3665 3666
3705 3706
3809 3810
4680 4689
4680 4702
4685 4700
4832 4833
4918 4919
4918 4920
4927 4928
4927 4929
4962 4964
5011 5012
5068 5079
5141 5147
5143 5148
5143 5149
5193 5194
5223 5225
5223 5226
5242 5246
5243 5247
5451 5462
5489 5490
5555 5557
5680 5689
5683 5685
5684 5688
5733 5734
5743 5745
5771 5772
5992 6029
5996 6030
5998 6025
6009 6018
6018 6042
6019 6027
6024 6026
6068 6069
6100 6106
6100 6115
6105 6120
6268 6269
6290 6292
6291 6292
6443 6444
6477 6478
6513 6515
6514 6516
6515 6516
6472 6473
6543 6544
6543 6549
6544 6545
6546 6549
6546 6550
6547 6548
6704 6705
6743 6744
6743 6745
6767 6788
6770 6779
6790 6792
6815 6816
6825 6826
6532 6533
6918 6919
7005 7006
7048 7050
6979 6981
6980 6981
7094 7102
7139 7140
7370 7371
7370 7373
7372 7373
7442 7443
7526 7527
7623 7629
7623 7647
7628 7640
7723 7726
7724 7726
7724 7727
7726 7727
7842 7843
7894 7895
7959 7960
8078 8083
8053 8054
8159 8160
8206 8207
8207 8209
8208 8209
8208 8210
8212 8215
8213 8215
8224 8231
8224 8261
8226 8230
8229 8258
8232 8241
8233 8266
8250 8266
8295 8296
8296 8297
8421 8422
8522 8523
8539 8540
8565 8570
8566 8574
8567 8569
8567 8572
8569 8570
8569 8572
8570 8572
8526 8527
8615 8617
8616 8617
8867 8868
8869 8870
9009 9020
9009 9024
9017 9018
9020 9025
9074 9075
9064 9065
9065 9068
9321 9323
9322 9326
9324 9325
9342 9343
9343 9344
9366 9369
9367 9368
9367 9369
9422 9423
9577 9580
9577 9581
9577 9585
9871 9872
10008 10009
10016 10017
10212 10213
10262 10263
10270 10271
10304 10305
10342 10343
10357 10360
10358 10359
10359 10360
10368 10369
10369 10370
10369 10371
10406 10407
10485 10499
10500 10502
10517 10518
10596 10599
10600 10601
10600 10603
10602 10603
10618 10626
10619 10627
10621 10625
10626 10627
10672 10673
10698 10699
10810 10811
10861 10862
10863 10864
10892 10893
10893 10897
10778 10779
11012 11016
11035 11036
11037 11039
11071 11072
11054 11056
11055 11056
11083 11084
11094 11095
11159 11160
11187 11188
11274 11275
11277 11278
11277 11279
11278 11279
11449 11451
11473 11474
11476 11481
11479 11480
11480 11483
11502 11503
11535 11536
11556 11558
11558 11559
11559 11562
11664 11666
11697 11699
11698 11699
11799 11802
11837 11839
11856 11857
11860 11861
11974 11976
12031 12032
12047 12048
12089 12095
12148 12149
12322 12328
12325 12327
12325 12330
12326 12327
12350 12351
12351 12352
12222 12224
12224 12228
12682 12683
12682 12687
12700 12701
12701 12702
12766 12767
12766 12768
12767 12768
12833 12838
12839 12848
12911 12912
13102 13105
13133 13136
13134 13136
262 263
263 265
264 265
353 354
353 357
354 360
446 447
551 552
927 950
928 958
930 960
931 956
932 958
941 952
947 960
1167 1168
1180 1181
1492 1493
1548 1549
1576 1577
1576 1578
1577 1578
1577 1579
1617 1621
1620 1622
1625 1627
1627 1630
1776 1777
1780 1782
1780 1784
1781 1784
1782 1784
1783 1784
1940 1944
1941 1944
1943 1945
2052 2053
2096 2097
2111 2112
2112 2115
2113 2115
2189 2192
2190 2191
2190 2193
2192 2193
2776 2779
2776 2780
2778 2779
2790 2791
2823 2824
2858 2859
2881 2882
2964 2965
3174 3175
3284 3285
3407 3408
3458 3459
3555 3556
3572 3573
3599 3600
3602 3606
3602 3609
3603 3607
3648 3649
3648 3650
3649 3650
3679 3680
3729 3730
3736 3737
3738 3739
3797 3798
3868 3869
3904 3906
3906 3907
3906 3908
3934 3935
4748 4749
4748 4751
4749 4752
4749 4753
4830 4831
4874 4880
4886 4889
4938 4940
4939 4940
4974 4976
4977 4986
4992 4995
5220 5221
5256 5257
5256 5258
5257 5258
5281 5282
5469 5470
5895 5899
5897 5900
5897 5901
5914 5916
5926 5927
5930 5931
5974 5983
5975 5984
5980 5983
5981 5986
5981 5990
6060 6061
6373 6374
6707 6711
6709 6710
6710 6718
6715 6719
6732 6733
6732 6734
6753 6754
6757 6758
6821 6823
6539 6540
6915 6916
7020 7032
7025 7032
7025 7039
7034 7042
7036 7041
7163 7168
7165 7175
7165 7178
7166 7177
7171 7174
7213 7214
7303 7304
7303 7305
7307 7308
7308 7310
7287 7290
7287 7291
7291 7292
7376 7377
7550 7552
7550 7554
7551 7552
7553 7555
7599 7600
7599 7601
7600 7601
7654 7655
7678 7679
7745 7748
7746 7748
7750 7751
7750 7752
7857 7858
7872 7875
7872 7876
7874 7875
7875 7876
7870 7871
7885 7886
7886 7888
8068 8072
8070 8073
8070 8074
8070 8075
7986 7987
7999 8000
8150 8152
8151 8152
8166 8167
8168 8175
8171 8172
8171 8173
8173 8178
8201 8202
8201 8203
8273 8274
8387 8388
8387 8389
8388 8389
8451 8453
8452 8453
8657 8658
8717 8718
8923 8926
8923 8927
8924 8925
8924 8926
8925 8927
8926 8927
8936 8937
8936 8938
8937 8939
8938 8941
8939 8940
8976 8977
8978 8979
9044 9045
9050 9053
9053 9054
9055 9057
9143 9144
9167 9169
9192 9194
9216 9217
9250 9251
9350 9351
9374 9375
9382 9383
9382 9384
9382 9385
9383 9384
9384 9385
9385 9386
9404 9410
9405 9412
9407 9418
9415 9417
9570 9572
9572 9573
9572 9574
9586 9587
9647 9648
9728 9729
9809 9811
9811 9812
9829 9831
9830 9831
9833 9834
10054 10058
10056 10058
10123 10124
10382 10385
10383 10384
10383 10385
10447 10448
10476 10477
10476 10478
10476 10479
10478 10479
10646 10648
10647 10648
10742 10743
10742 10744
10743 10744
10746 10747
10914 10916
10914 10919
10915 10917
10797 10798
10824 10830
10843 10844
10870 10871
10874 10875
10898 10899
10948 10949
11219 11220
11298 11299
11313 11314
11313 11315
11314 11315
11395 11435
11397 11426
11408 11434
11435 11441
11456 11458
11456 11461
11457 11459
11458 11460
11458 11462
11459 11463
11494 11495
11532 11533
11533 11534
11552 11553
11810 11812
11810 11813
11811 11813
11811 11814
11825 11826
11830 11831
11873 11874
11873 11875
11873 11876
11875 11876
11878 11879
12067 12068
12150 12151
12150 12152
12188 12192
12189 12191
12190 12192
12272 12274
12273 12275
12274 12275
12582 12583
12707 12714
12811 12812
12974 12975
12975 12979
12978 12979
13004 13005
13161 13162
94 95
425 426
428 432
430 432
167 168
167 171
169 170
180 184
181 183
270 271
270 272
270 273
272 273
324 325
338 339
382 383
382 384
392 405
393 410
397 398
405 413
529 530
548 549
685 687
781 783
782 783
983 984
1068 1070
1068 1071
1070 1071
1144 1145
1144 1146
1146 1147
1107 1110
1108 1109
1108 1110
1338 1342
1344 1348
1217 1218
1448 1449
1569 1570
1602 1605
1602 1606
1603 1607
1605 1607
1641 1642
1641 1644
1738 1739
1739 1740
1709 1718
1711 1719
1734 1737
1735 1737
1786 1787
1797 1798
1797 1799
1797 1800
1798 1799
1798 1800
1989 1990
2054 2055
2060 2061
2083 2084
2021 2024
2022 2023
2022 2024
2035 2036
2163 2166
2163 2168
2461 2462
2461 2463
2841 2842
2842 2845
2843 2845
2844 2845
2962 2963
3172 3173
3274 3275
3275 3276
3286 3287
3321 3322
3321 3323
3322 3323
3329 3331
3330 3331
3330 3332
3331 3332
3402 3403
3483 3485
3484 3485
3485 3486
3486 3487
3502 3504
3502 3505
3503 3504
3689 3690
3718 3721
3719 3722
3720 3721
3774 3775
3800 3801
3800 3802
3806 3807
3807 3808
3940 3941
3942 3944
3943 3944
4478 4479
4732 4738
4733 4734
4734 4738
4737 4738
4754 4755
4853 4854
4862 4863
4931 4935
4931 4936
4932 4936
4933 4936
5125 5126
5177 5179
5179 5180
5283 5284
5299 5302
5300 5303
5584 5587
5714 5715
5726 5727
5768 5769
5774 5775
5775 5776
5847 5850
5848 5852
5849 5852
5828 5829
5864 5865
5904 5905
6214 6215
6224 6228
6225 6229
6228 6230
6229 6231
6230 6231
7076 7077
6502 6505
6503 6504
6509 6510
6553 6560
6556 6558
6557 6561
6622 6623
6642 6643
6688 6698
6695 6700
6536 6537
6537 6538
6947 6948
6976 6978
7221 7273
7246 7275
7249 7265
7350 7351
7382 7383
7506 7507
7506 7508
7574 7576
7576 7579
7611 7612
7663 7664
7701 7702
7737 7739
7738 7740
7738 7743
7740 7743
7742 7743
7759 7760
7776 7777
7777 7778
7863 7864
7973 7975
7974 7975
8028 8030
8029 8030
8187 8189
8189 8190
8282 8283
8283 8284
8311 8312
8403 8404
8454 8455
8518 8519
8710 8711
8848 8849
8850 8851
8872 8873
8873 8874
8986 8987
8987 8988
9070 9071
9059 9060
9226 9227
9226 9229
9228 9229
9378 9380
9379 9380
9435 9452
9440 9443
9447 9452
9472 9474
9473 9474
9502 9503
9502 9505
9503 9505
9504 9505
9719 9720
9767 9768
9771 9773
9773 9774
9835 9836
9835 9837
9836 9837
9836 9838
9861 9862
9891 9892
9891 9893
9946 9947
9966 9967
10112 10113
10120 10121
10293 10294
10293 10295
10294 10295
10273 10274
10311 10312
10336 10338
10337 10339
10338 10339
10355 10356
10400 10401
10404 10405
10427 10428
10733 10735
10734 10736
10735 10736
10706 10707
10760 10761
10814 10817
10816 10819
10850 10851
10791 10792
10975 10977
11062 11063
11062 11064
11065 11067
11127 11146
11128 11131
11129 11146
11130 11143
11141 11146
11165 11166
11165 11168
11166 11168
11360 11362
11361 11362
11519 11520
11625 11626
11656 11657
11656 11658
11656 11662
11661 11662
11722 11723
11945 11946
12073 12074
12073 12075
12074 12075
12074 12076
12075 12076
12144 12145
12145 12146
12562 12563
12562 12564
12585 12586
12727 12728
12729 12730
12799 12800
13056 13059
13058 13059
13068 13069
13068 13070
13069 13070
13095 13097
13098 13099
13098 13101
13099 13100
13147 13149
13175 13177
13175 13178
13176 13177
13197 13198
13220 13222
16 17
142 143
142 145
145 146
206 207
215 216
215 217
312 313
364 365
493 494
558 559
614 615
719 720
722 724
723 724
711 712
752 753
817 846
902 907
903 905
904 907
905 907
974 975
986 988
986 989
987 990
988 990
989 990
1038 1039
1039 1041
1040 1041
1171 1172
1171 1174
1171 1175
1172 1173
1173 1175
1232 1234
1236 1238
1236 1240
1238 1240
1239 1242
1240 1259
1248 1258
1312 1315
1312 1318
1322 1323
1357 1359
1359 1360
1360 1361
1497 1498
1539 1540
1726 1727
1762 1763
1828 1829
1828 1830
1829 1830
1848 1850
1848 1851
1849 1852
1849 1853
1850 1852
1932 1933
1980 1981
1999 2000
1999 2001
2006 2007
2187 2188
2608 2609
2610 2611
2627 2629
2704 2705
2716 2717
2767 2768
2782 2786
2782 2787
2782 2788
2783 2787
2786 2787
2804 2806
2805 2807
2888 2889
2902 2903
2989 2990
3186 3187
3303 3305
3310 3311
3310 3312
3311 3312
3348 3350
3349 3351
3753 3754
3779 3780
3823 3824
3840 3841
3889 3890
3913 3914
3914 3930
3918 3930
3922 3923
3936 3939
3937 3938
3951 4009
3960 4426
4089 4094
4089 4182
4147 4191
4722 4723
4723 4724
4723 4725
4772 4773
4847 4848
4848 4849
4848 4850
4849 4850
4912 4913
4913 4914
4922 4923
4950 4951
4950 4953
4951 4953
5110 5111
5110 5112
5128 5129
5128 5130
5164 5165
5528 5529
5669 5671
5670 5671
5710 5711
5710 5712
5711 5712
5763 5764
5782 5785
5878 5879
5923 5924
5928 5929
6186 6188
6187 6201
6188 6195
6188 6199
6294 6296
6298 6301
6300 6301
6304 6305
6307 6308
6341 6342
6413 6414
6413 6416
6414 6416
6448 6453
6453 6454
6453 6455
6486 6487
6566 6568
6576 6597
6605 6606
6629 6630
6634 6639
6862 6863
6862 6864
6868 6869
6921 6922
6922 6925
6923 6926
6923 6927
7208 7209
7322 7326
7323 7324
7323 7327
7341 7342
7582 7583
7582 7584
7530 7532
7531 7532
7607 7609
7613 7614
7684 7685
7684 7687
7685 7687
7686 7688
7691 7693
7692 7693
7891 7892
7936 7937
7936 7938
7937 7938
7937 7940
7939 7940
7988 7989
8049 8050
8140 8141
8221 8222
8290 8291
8306 8307
8306 8308
8307 8308
8395 8396
8395 8397
8398 8400
8398 8401
8399 8400
8400 8401
8400 8402
8470 8476
8470 8477
8471 8475
8471 8477
8472 8477
8493 8494
8505 8506
8550 8554
8551 8552
8551 8553
8663 8666
8664 8665
8680 8681
8883 8894
8885 8887
8889 8893
8893 8895
8914 8916
8918 8919
8950 8955
8951 8952
8951 8960
8951 8961
8960 8961
8991 8992
9062 9063
9103 9104
9132 9134
9157 9158
9199 9200
9230 9231
9463 9464
9594 9595
9594 9596
9594 9598
9595 9597
9596 9597
9716 9717
9741 9742
9742 9743
9747 9748
9787 9789
9951 9952
9976 9981
9976 9982
9991 9992
9996 9998
10000 10002
10006 10007
9904 9905
10219 10223
10221 10225
10224 10227
10227 10232
10238 10240
10395 10398
10703 10704
10762 10765
10924 10925
10767 10768
10799 10801
10799 10802
10803 10804
10946 10947
11156 11158
11240 11242
11241 11242
11351 11352
11357 11358
11390 11391
11390 11392
11391 11392
11629 11630
11638 11640
11639 11640
11640 11641
11692 11693
11736 11737
11742 11743
11746 11747
12055 12056
12106 12107
12160 12161
12393 12395
12394 12395
12246 12248
12247 12248
12560 12561
12566 12571
12567 12568
12569 12570
12569 12571
12871 12872
12904 12905
13183 13184
13205 13207
13206 13212
